0 0.600521 0.246296 0.010417 0.014815
0 0.388792 0.513611 0.010021 0.017778
0 0.535406 0.548694 0.010021 0.017778
0 0.547432 0.717343 0.010021 0.017778
0 0.709099 0.656769 0.010021 0.017778
0 0.779245 0.675773 0.010021 0.017769
0 0.840039 0.669833 0.010026 0.017778
0 0.925547 0.666269 0.010021 0.017778
0 0.699750 0.798102 0.010021 0.017778
0 0.667682 0.865796 0.010021 0.017778
0 0.668349 0.890736 0.010021 0.017769
0 0.427849 0.915676 0.010021 0.017778
0 0.090484 0.906176 0.010021 0.017778
0 0.572818 0.991398 0.010021 0.017204
0 0.836698 0.551069 0.010021 0.017769
0 0.575812 0.277315 0.006083 0.010741
